ID	Type	Arr. Time	H1_Wait	H2_Wait	H3_Wait	H4_Wait	H5_Wait	H6_Wait	H7_Wait	H8_Wait	H9_Wait	H1_Play	H2_Play	H3_Play	H4_Play	H5_Play	H6_Play	H7_Play	H8_Play	H9_Play
1	medium	0.0	0.000000	0.000000	0.000000	0.000000	0.000000	0.000000	0.000000	0.000000	0.000000	6.540392	6.723820	7.451312	7.063445	7.211135	8.324386	6.623434	7.597105	8.657565	
2	fast	6.81502502304	0.000000	0.561154	1.322479	1.168304	2.535549	3.552602	0.898591	2.410740	4.155595	5.888033	6.128833	5.895141	4.675586	4.771784	5.724843	5.186365	4.501970	4.716255	
3	slow	9.79382753784	2.909231	0.000000	0.000000	0.000000	0.000000	0.000000	0.000000	0.000000	0.000000	10.112436	11.723964	9.549645	11.911997	9.401040	9.100582	10.705514	11.172820	10.034344	
4	medium	24.2390253496	0.000000	5.855346	1.957607	2.936526	2.337028	3.714242	5.373012	3.929415	3.563585	4.445088	7.592038	8.975472	7.064012	5.386341	5.332502	7.243405	6.470759	7.528592	
5	slow	25.4737254164	3.210388	2.743663	0.108419	1.166546	0.000000	0.000000	0.129581	0.000000	1.121692	10.703721	10.824659	8.833991	10.480585	9.393277	9.383085	11.506370	8.864291	9.847189	
6	slow	38.4576435674	0.930190	6.419692	0.000000	0.000000	0.000000	0.000000	0.000000	0.000000	0.000000	7.148630	10.805874	12.559763	11.195652	10.692435	10.804832	10.120332	11.171731	11.055198	
7	fast	72.7153110677	0.000000	0.000000	0.000000	0.000000	4.722938	6.419822	5.827699	6.785825	5.647314	5.490038	4.986502	5.023716	5.271375	4.385010	4.292633	4.385906	5.407883	4.219148	
8	medium	76.6588279964	1.546521	0.000000	0.000000	0.000000	0.000000	0.000000	0.000000	3.028697	3.704542	7.494417	6.761582	7.348117	7.505266	7.032802	9.884358	8.454070	6.161920	5.946852	
9	medium	80.2784787448	5.421287	0.000000	0.000000	0.000000	0.000000	2.414394	0.000000	1.043964	3.025344	7.149401	7.648240	7.991628	6.895180	6.433282	8.897469	7.703255	6.626051	9.083247	
10	medium	81.5942950972	11.254872	1.133538	1.323926	0.631210	0.000000	2.853411	0.754608	0.000000	3.607970	6.514702	6.667702	6.263969	6.796533	8.095202	6.948647	9.283365	6.887269	7.614678	
12	medium	84.9585176163	14.405351	0.655375	0.000000	0.000000	0.000000	4.806163	2.135086	0.000000	1.467688	7.145865	7.985018	8.657980	6.570888	4.892849	7.902887	8.749580	7.892649	6.770224	
11	slow	83.9489297729	22.560804	0.000000	0.000000	0.000000	0.000000	0.000000	0.000000	0.000000	0.000000	10.340649	9.741047	9.852818	9.877060	11.382316	9.804775	10.681860	9.388918	9.726811	
13	slow	89.6496168285	27.200766	0.000000	0.000000	0.000000	0.000000	0.000000	0.000000	0.000000	0.000000	10.188216	10.574370	9.735867	11.933079	11.723992	8.763585	9.220097	10.087069	9.601660	
17	fast	119.415421606	7.623177	6.465125	3.980299	5.043441	7.315625	2.920652	5.315193	4.541986	4.200316	4.109245	5.755567	6.889638	4.408367	5.842932	3.904904	5.545083	5.401344	6.300324	
14	slow	96.9544762673	34.193368	2.984680	1.386746	0.000000	0.349524	0.000000	0.000000	0.000000	0.000000	9.236013	9.483191	11.812682	10.448159	12.725706	9.676912	10.535188	10.661815	10.696006	
19	fast	137.639827136	2.744030	7.408460	8.929151	5.267249	9.561319	5.506128	6.006421	3.247151	5.550439	5.059410	4.270277	5.180910	3.513912	4.170784	4.528767	7.414664	5.145566	4.294184	
15	slow	105.590882491	39.852384	2.071216	4.126728	0.000000	3.617237	0.000000	4.313693	0.000000	0.000000	9.607522	9.983333	9.648940	9.247086	10.099771	9.042516	10.872552	9.595035	11.057607	
20	medium	151.856987302	3.193801	7.667263	5.353980	2.828591	6.161064	1.922260	8.041714	2.665811	4.527396	4.387287	8.421688	6.418495	7.555944	7.120257	7.144531	6.929224	6.530211	7.984998	
16	slow	113.978048032	45.460027	7.929784	0.247696	2.270820	2.860619	0.000000	3.519112	0.000000	2.081386	8.159168	11.524779	8.113715	10.420701	10.425645	10.092972	9.851782	9.775247	10.263461	
22	fast	170.551180561	6.242209	6.444489	4.079629	6.591364	9.057483	6.512678	8.599394	3.832169	5.685117	3.813927	4.281781	6.100158	4.228781	3.580294	4.771500	5.943078	6.659730	5.645227	
23	fast	179.071120947	1.536195	5.080848	3.761323	7.098375	5.296696	5.734470	10.009662	4.438295	6.618480	5.645423	6.418464	3.721771	7.341080	5.549709	4.532811	6.053604	4.711865	4.955654	
27	fast	198.567228505	2.632498	5.823362	3.582740	1.763539	5.196570	7.170275	5.668173	5.559772	5.686120	5.434573	4.323684	4.133706	4.749576	4.879830	2.925798	3.590387	5.888013	4.862744	
24	medium	182.157796294	4.094942	4.062514	0.298884	6.402117	4.259675	4.580810	12.184358	3.484431	3.368851	7.436798	7.184209	8.037338	6.586730	5.686471	7.469295	7.963354	7.180014	8.251502	
25	medium	184.495725175	9.193811	3.736534	0.814822	10.646820	2.228391	3.348718	8.129919	3.997469	5.765587	7.510190	7.521400	7.091602	7.848009	6.747354	9.091996	6.666976	5.854765	6.143637	
26	medium	195.46183513	11.172464	2.963474	0.000000	6.066226	2.649206	6.708718	6.906215	3.152210	4.039535	7.183572	8.447910	7.563432	6.326540	5.731996	7.890679	6.700024	7.869690	6.460176	
18	slow	136.525659992	31.071583	48.435866	0.000000	0.000000	0.000000	1.051524	3.615193	0.676429	0.000000	9.196146	10.863549	10.126037	9.927511	10.968176	9.991047	10.345471	11.207952	9.473774	
31	fast	221.840663387	2.710378	5.742916	5.908407	5.137666	4.886894	5.471172	9.095441	8.618590	4.284039	5.798846	4.217631	4.789844	6.081281	5.571399	4.865223	3.265791	5.189735	3.491073	
21	slow	154.272086612	59.545784	15.759392	1.199619	0.000000	0.020300	1.861819	1.555020	2.561255	0.000000	10.733171	9.498632	11.558811	10.098130	8.474576	10.806212	11.247069	10.735103	10.982264	
28	slow	200.442716156	29.907172	8.114962	3.860367	0.000000	0.000000	0.000000	0.606436	4.233485	0.000000	11.344217	8.898064	11.490609	9.798479	11.443237	10.724365	9.062873	12.156412	9.316037	
29	slow	209.409719441	32.284385	6.540031	5.779262	0.000000	0.000000	0.060007	0.259589	6.832171	0.000000	10.472994	9.571715	12.508567	10.424372	8.973136	9.409720	9.557726	10.613678	10.083564	
34	fast	279.466528168	1.468403	3.740153	3.484068	7.231451	3.034022	5.253258	2.477901	3.865214	4.700529	3.725633	3.969250	3.771415	5.736272	5.081344	6.860270	3.531888	5.383035	5.223119	
35	fast	282.068421231	2.592143	3.828686	0.770421	9.964122	2.992275	8.464562	1.613409	4.262230	4.503596	3.880717	6.485062	3.003601	5.123091	3.648965	4.396380	4.986019	5.420052	2.831867	
30	slow	212.055224188	40.111875	4.624009	7.907628	1.137009	0.000000	0.000000	0.000000	18.200189	0.000000	11.487736	10.380201	9.287362	9.865857	8.770294	10.334602	9.338170	8.126431	11.259727	
32	slow	265.501042028	0.000000	3.698336	14.228334	4.714247	0.000000	0.000000	0.000000	6.125457	1.742169	9.459667	9.741672	10.372967	10.156471	9.551460	9.315009	8.761927	9.517557	9.521401	
33	medium	269.094398135	5.866311	17.920099	8.970267	8.552733	4.848666	1.511104	4.038255	7.129418	3.755490	5.974222	5.176722	6.317985	4.702794	7.803905	4.723672	8.513596	7.508080	5.557692	
36	slow	285.763621773	2.777660	7.171025	5.130841	3.701072	2.462134	0.000000	0.000000	2.542885	0.000000	8.319446	10.157410	9.554454	10.190437	9.580978	10.545374	10.754889	11.323414	9.606442	
37	slow	288.951279623	7.909448	8.778963	4.947894	3.976248	0.826802	2.505051	0.904025	3.933465	0.000000	8.549472	9.737402	9.915262	11.216310	8.040323	9.850863	9.932834	10.673259	9.048511	
38	slow	298.402616903	7.007582	7.382520	4.815741	5.837561	0.000000	1.146286	0.432866	3.956322	0.000000	11.133845	10.047415	9.354997	10.270110	9.806643	10.403994	10.650401	11.640488	9.544774	
41	fast	344.351428965	4.644728	4.860510	3.594116	0.430797	2.300717	7.167498	7.203895	1.368725	6.452698	5.788886	4.959543	6.474561	6.131690	3.721755	5.280503	4.010034	3.092075	4.193040	
39	slow	310.583184029	5.960860	8.461155	4.537945	6.725493	0.000000	2.072332	2.266346	8.470834	0.000000	8.968780	9.632792	9.382178	10.852183	8.432407	8.816921	10.218051	10.806490	11.099662	
43	fast	351.620661463	3.164382	5.761643	4.374611	2.162304	0.000000	8.406363	4.112604	9.797081	5.897578	4.058409	5.694067	4.400183	6.357839	3.706271	7.101325	5.470209	5.202084	4.060623	
40	slow	339.291272789	0.000000	0.000000	0.000000	19.394887	0.000000	0.000000	0.000000	6.358795	1.425894	9.704884	10.649396	8.553659	11.839143	9.204866	7.764486	8.628646	8.532307	11.107689	
44	medium	376.408637105	0.000000	0.000000	0.000000	2.227516	1.716405	0.000000	3.985951	7.532314	5.503586	7.747191	6.716413	6.333486	7.488461	7.991708	4.415472	7.358788	7.029997	5.769995	
45	medium	384.241581578	0.000000	0.000000	0.000000	1.754663	2.604568	0.000000	1.902791	7.360025	2.724882	7.202775	7.112966	6.609719	7.103545	7.784165	6.073257	7.202286	8.548698	6.522173	
42	slow	346.317788175	12.525664	3.316724	0.000000	23.532064	0.368834	0.000000	0.000000	0.789087	0.000000	8.138986	11.606224	8.587799	10.019899	10.445208	10.354636	9.498125	10.314393	12.043578	
46	slow	390.728342601	0.716014	0.000000	0.000000	1.086862	0.000000	0.000000	0.474844	0.757761	0.861439	9.357859	11.176431	10.979640	10.937361	11.910957	7.343641	10.345719	11.182138	9.765372	
47	fast	393.786842455	7.015373	4.723505	5.332019	8.445369	8.484649	3.222525	3.873239	5.267062	5.890636	6.452926	5.647621	3.578854	3.426308	4.121116	6.947324	6.672837	4.736176	5.279683	
48	medium	399.772648512	7.482493	3.900403	2.391731	3.528652	6.300506	3.514554	3.199859	3.709630	5.095319	6.470722	6.519142	8.343024	6.305259	6.655296	7.346217	6.293607	6.075000	7.384470	
49	medium	406.994350675	6.731513	2.626371	2.643522	2.216154	6.083175	4.900575	2.839426	4.355965	4.328126	7.793175	8.091233	7.617758	6.872627	5.960196	6.654041	5.428665	8.151663	7.889998	
50	slow	408.655389233	12.863650	0.588198	0.677314	0.000000	1.872844	1.797682	0.000000	2.659184	0.121233	10.129405	9.583966	10.390005	8.869303	9.756933	8.347963	9.768572	12.096891	10.977629	
